frame tl.x tl.y br.x br.y
8 3585 2155 3595 2165
8 3835 2125 3840 2130
8 3835 2109 3840 2114
8 3835 2094 3840 2099
8 0 2090 6 2096
8 0 2070 6 2076
8 3835 2057 3840 2062
8 3834 2024 3840 2030
8 82 1720 92 1730
8 3835 1626 3840 1631
8 2845 1621 2848 1624
8 2835 1609 2855 1629
8 0 1579 6 1585
8 2791 1509 2834 1552
8 2955 1499 2980 1524
8 2731 1433 2774 1476
8 2335 1426 2346 1437
8 2320 1400 2330 1410
8 2329 1390 2339 1400
8 2310 1386 2323 1399
8 1521 1371 1540 1390
8 1601 1296 1625 1320
8 1540 1295 1543 1298
8 1527 1282 1555 1310
8 2964 1277 2993 1306
8 1417 1244 1455 1282
8 2495 1199 2507 1211
8 2892 1171 2935 1214
8 102 969 112 979
8 2281 923 2291 933
8 1427 690 1442 705
8 1427 670 1448 691
8 3835 314 3840 319
8 3729 0 3740 11
8 3538 0 3548 10
9 3835 2094 3840 2099
9 1217 2059 1227 2069
9 82 1720 92 1730
9 2834 1611 2854 1631
9 2796 1510 2837 1551
9 2957 1505 2981 1529
9 2757 1446 2761 1450
9 2733 1435 2778 1480
9 2335 1423 2355 1443
9 2308 1385 2338 1415
9 1518 1370 1543 1395
9 1605 1296 1621 1312
9 1530 1280 1556 1306
9 2967 1279 2995 1307
9 1417 1245 1453 1281
9 2494 1200 2508 1214
9 2892 1171 2937 1216
9 2281 921 2294 934
9 1428 690 1442 704
9 1431 670 1450 689
9 3835 318 3840 323
9 3729 0 3740 11
10 3835 2125 3840 2130
10 3835 2094 3840 2099
10 0 2090 6 2096
10 3835 2080 3840 2085
10 1217 2059 1227 2069
10 0 2034 6 2040
10 3835 2021 3840 2026
10 2982 1906 2992 1916
10 3835 1626 3840 1631
10 2834 1620 2846 1632
10 2799 1512 2838 1551
10 2955 1505 2982 1532
10 2743 1435 2779 1471
10 2334 1424 2353 1443
10 2307 1385 2337 1415
10 1519 1370 1545 1396
10 1606 1296 1626 1316
10 1531 1281 1557 1307
10 2968 1280 2996 1308
10 1432 1256 1435 1259
10 1413 1245 1449 1281
10 2494 1200 2510 1216
10 2892 1173 2940 1221
10 1428 670 1451 693
11 1219 2058 1229 2068
11 0 2034 6 2040
11 3824 1870 3835 1881
11 2936 1840 2946 1850
11 2835 1612 2854 1631
11 2801 1515 2839 1553
11 2955 1499 2983 1527
11 2743 1436 2781 1474
11 2343 1424 2354 1435
11 2305 1383 2337 1415
11 1520 1371 1549 1400
11 1605 1297 1626 1318
11 2976 1288 2998 1310
11 1534 1281 1557 1304
11 2968 1280 2979 1291
11 1417 1245 1449 1277
11 2447 1236 2459 1248
11 2494 1200 2511 1217
11 2907 1192 2910 1195
11 2896 1184 2942 1230
11 1428 668 1452 692
12 2484 2155 2494 2165
12 0 2099 6 2105
12 1219 2058 1229 2068
12 0 2034 6 2040
12 3824 1870 3834 1880
12 2930 1826 2944 1840
12 0 1824 6 1830
12 2835 1612 2854 1631
12 0 1611 6 1617
12 2974 1528 2984 1538
12 2801 1514 2842 1555
12 2955 1504 2979 1528
12 2746 1435 2783 1472
12 2345 1425 2355 1435
12 2305 1382 2337 1414
12 1532 1377 1549 1394
12 1605 1297 1626 1318
12 2976 1288 2999 1311
12 1536 1281 1557 1302
12 1417 1245 1449 1277
12 2447 1234 2460 1247
12 2918 1212 2943 1237
12 2495 1200 2511 1216
12 2898 1186 2926 1214
12 1443 684 1446 687
12 1440 684 1443 687
12 1428 668 1453 693
12 3818 194 3828 204
13 3616 2155 3626 2165
13 3834 2094 3840 2100
13 1219 2058 1229 2068
13 2933 1828 2949 1844
13 2835 1612 2852 1629
13 0 1611 6 1617
13 0 1581 6 1587
13 2970 1527 2974 1531
13 2804 1515 2845 1556
13 2959 1514 2985 1540
13 2747 1435 2786 1474
13 2345 1425 2355 1435
13 2301 1382 2335 1416
13 1520 1377 1548 1405
13 2989 1301 2999 1311
13 1607 1297 1623 1313
13 2971 1285 2997 1311
13 1536 1281 1560 1305
13 1413 1254 1423 1264
13 1431 1245 1449 1263
13 2496 1201 2511 1216
13 2898 1187 2946 1235
13 2279 922 2294 937
13 1440 683 1446 689
13 1429 667 1454 692
14 1442 2083 1452 2093
14 1219 2058 1229 2068
14 2932 1828 2951 1847
14 2835 1616 2849 1630
14 0 1611 6 1617
14 2975 1531 2985 1541
14 2957 1514 2981 1538
14 2804 1514 2848 1558
14 0 1455 6 1461
14 2749 1438 2787 1476
14 2345 1425 2355 1435
14 2300 1381 2331 1412
14 1534 1378 1544 1388
14 1521 1378 1532 1389
14 2989 1301 2999 1311
14 1609 1296 1622 1309
14 2973 1287 2987 1301
14 1538 1278 1560 1300
14 1592 1249 1602 1259
14 1436 1245 1450 1259
14 2918 1206 2952 1240
14 2496 1201 2511 1216
14 2899 1188 2916 1205
14 2284 923 2294 933
14 1430 665 1456 691
15 1442 2082 1452 2092
15 0 2052 6 2058
15 3747 2051 3758 2062
15 2932 1827 2955 1850
15 2835 1614 2851 1630
15 0 1581 6 1587
15 0 1533 6 1539
15 2805 1517 2849 1561
15 2957 1514 2986 1543
15 0 1455 6 1461
15 2752 1438 2787 1473
15 2313 1382 2333 1402
15 2298 1378 2308 1388
15 1534 1377 1547 1390
15 1520 1377 1532 1389
15 1617 1304 1628 1315
15 2989 1300 3002 1313
15 1541 1297 1560 1316
15 2973 1286 2997 1310
15 1537 1278 1556 1297
15 1411 1257 1421 1267
15 1434 1254 1437 1257
15 1425 1245 1449 1269
15 2924 1214 2954 1244
15 2919 1206 2929 1216
15 2500 1202 2511 1213
15 2902 1188 2918 1204
15 2894 1162 2904 1172
15 1431 664 1457 690
16 0 2099 6 2105
16 3835 2069 3840 2074
16 1206 2062 1216 2072
16 0 2052 6 2058
16 2935 1834 2954 1853
16 2836 1614 2851 1629
16 1984 1598 1994 1608
16 2807 1519 2850 1562
16 2957 1515 2986 1544
16 2755 1448 2787 1480
16 2310 1381 2328 1399
16 2297 1377 2308 1388
16 1522 1377 1546 1401
16 1616 1300 1619 1303
16 2989 1300 3002 1313
16 1543 1298 1554 1309
16 1609 1291 1628 1310
16 2972 1287 2997 1312
16 1537 1279 1556 1298
16 1426 1245 1449 1268
16 2929 1216 2935 1222
16 2497 1201 2511 1215
16 2902 1188 2954 1240
16 2894 1162 2904 1172
16 3835 933 3840 938
16 1431 662 1458 689
16 3835 85 3840 90
17 3742 2049 3756 2063
17 2930 1826 2955 1851
17 2836 1615 2850 1629
17 1984 1600 1994 1610
17 2808 1521 2850 1563
17 2956 1508 2986 1538
17 2756 1449 2787 1480
17 2344 1432 2354 1442
17 2416 1407 2427 1418
17 2297 1376 2330 1409
17 1521 1374 1546 1399
17 1610 1301 1628 1319
17 1549 1299 1559 1309
17 1618 1289 1631 1302
17 2973 1285 2993 1305
17 1541 1278 1555 1292
17 1412 1244 1449 1281
17 2924 1208 2954 1238
17 2499 1199 2511 1211
17 2903 1188 2922 1207
17 2896 1163 2906 1173
17 2113 840 2123 850
17 1431 659 1459 687
18 1442 2082 1452 2092
18 3835 2069 3840 2074
18 0 2053 6 2059
18 2931 1828 2954 1851
18 2834 1615 2849 1630
18 2811 1524 2852 1565
18 2956 1508 2987 1539
18 2756 1451 2787 1482
18 2341 1432 2355 1446
18 2416 1401 2433 1418
18 1521 1375 1539 1393
18 2298 1373 2327 1402
18 1610 1289 1633 1312
18 2973 1287 2993 1307
18 1540 1277 1559 1296
18 1421 1245 1449 1273
18 1409 1244 1420 1255
18 2940 1230 2943 1233
18 2925 1219 2954 1248
18 2905 1198 2935 1228
18 3835 961 3840 966
18 2111 840 2121 850
18 1432 657 1461 686
19 2482 2155 2495 2168
19 62 2155 73 2166
19 2931 1828 2955 1852
19 2834 1615 2849 1630
19 2811 1525 2854 1568
19 2957 1508 2989 1540
19 2759 1453 2787 1481
19 2340 1432 2357 1449
19 2417 1398 2436 1417
19 1529 1377 1540 1388
19 2296 1370 2327 1401
19 1610 1289 1634 1313
19 2976 1287 2998 1309
19 1537 1277 1551 1291
19 1405 1245 1419 1259
19 1420 1244 1446 1270
19 2926 1221 2955 1250
19 2907 1200 2935 1228
19 2894 1162 2906 1174
19 2111 840 2121 850
19 1431 657 1462 688
20 3592 2155 3602 2165
20 3835 1913 3840 1918
20 2931 1830 2955 1854
20 2834 1616 2847 1629
20 1984 1598 1994 1608
20 2818 1529 2855 1566
20 2957 1509 2987 1539
20 2788 1471 2798 1481
20 2762 1455 2787 1480
20 2340 1431 2357 1448
20 2420 1398 2437 1415
20 2305 1379 2309 1383
20 1532 1380 1542 1390
20 2295 1368 2326 1399
20 1546 1294 1556 1304
20 2976 1288 2998 1310
20 1610 1288 1634 1312
20 1537 1277 1550 1290
20 1405 1244 1444 1283
20 2941 1222 2956 1237
20 2909 1203 2935 1229
20 2486 1201 2496 1211
20 2894 1162 2904 1172
20 2109 840 2121 852
20 1431 657 1462 688
21 3821 2155 3834 2168
21 2481 2155 2495 2169
21 2930 1829 2955 1854
21 2834 1617 2847 1630
21 2858 1553 2868 1563
21 2818 1529 2856 1567
21 2958 1512 2989 1543
21 2790 1477 2803 1490
21 2766 1458 2788 1480
21 2342 1434 2359 1451
21 2420 1395 2439 1414
21 2308 1379 2324 1395
21 2295 1367 2307 1379
21 1610 1293 1631 1314
21 2981 1289 2999 1307
21 1539 1276 1551 1288
21 1418 1243 1441 1266
21 2912 1204 2956 1248
21 2486 1200 2498 1212
21 2894 1162 2906 1174
21 2109 840 2124 855
21 1432 657 1466 691
22 3821 2155 3834 2168
22 2931 1830 2942 1841
22 2834 1617 2847 1630
22 2858 1553 2868 1563
22 2819 1530 2856 1567
22 2958 1512 2987 1541
22 0 1480 6 1486
22 2790 1477 2807 1494
22 2766 1459 2783 1476
22 2342 1434 2359 1451
22 2420 1394 2439 1413
22 2299 1381 2302 1384
22 2291 1364 2323 1396
22 1610 1293 1632 1315
22 2981 1289 2995 1303
22 1540 1277 1551 1288
22 1418 1244 1440 1266
22 2915 1206 2957 1248
22 2482 1192 2500 1210
22 2894 1162 2905 1173
22 2108 839 2121 852
22 1431 657 1468 694
23 3821 2155 3834 2168
23 2482 2155 2493 2166
23 687 2155 698 2166
23 3835 2067 3840 2072
23 2931 1829 2952 1850
23 2834 1618 2846 1630
23 2819 1532 2868 1581
23 2958 1516 2987 1545
23 0 1480 6 1486
23 2790 1477 2811 1498
23 2766 1459 2783 1476
23 2342 1427 2359 1444
23 2414 1394 2439 1419
23 2307 1386 2318 1397
23 2290 1362 2309 1381
23 1610 1294 1634 1318
23 2981 1290 2992 1301
23 2934 1222 2959 1247
23 2919 1209 2936 1226
23 2486 1200 2501 1215
23 2894 1162 2906 1174
23 2107 839 2124 856
23 1431 657 1469 695
24 3821 2155 3832 2166
24 3445 2155 3455 2165
24 51 2155 61 2165
24 1435 2049 1445 2059
24 2982 1906 2992 1916
24 2835 1631 2845 1641
24 2834 1618 2846 1630
24 2822 1532 2866 1576
24 2959 1516 2987 1544
24 2788 1471 2814 1497
24 2766 1459 2783 1476
24 2342 1427 2359 1444
24 2420 1388 2441 1409
24 2289 1360 2309 1380
24 2992 1300 3003 1311
24 1610 1293 1634 1317
24 1539 1276 1549 1286
24 1423 1244 1433 1254
24 2921 1210 2959 1248
24 2486 1200 2506 1220
24 2894 1162 2904 1172
24 2107 838 2123 854
24 1434 657 1469 692
25 3821 2155 3832 2166
25 686 2155 697 2166
25 1445 2096 1455 2106
25 1435 2049 1445 2059
25 3835 1918 3840 1923
25 2982 1906 2992 1916
25 2935 1830 2946 1841
25 2835 1631 2845 1641
25 2822 1535 2866 1579
25 2959 1516 2988 1545
25 0 1480 6 1486
25 2790 1475 2816 1501
25 2769 1460 2784 1475
25 2338 1427 2359 1448
25 2420 1387 2443 1410
25 0 1370 6 1376
25 2287 1358 2309 1380
25 1610 1293 1635 1318
25 1418 1250 1428 1260
25 2933 1218 2936 1221
25 2923 1211 2959 1247
25 2486 1200 2508 1222
25 2894 1162 2904 1172
25 1441 657 1470 686
25 3835 1 3840 6
